{
 "cells": [
  {
   "cell_type": "markdown",
   "id": "c79c0596",
   "metadata": {},
   "source": [
    "# Exploratory Data Analysis (EDA)"
   ]
  },
  {
   "attachments": {},
   "cell_type": "markdown",
   "id": "9df6154b",
   "metadata": {},
   "source": [
    "## Step 1: Import the necessary libraries"
   ]
  },
  {
   "cell_type": "code",
   "execution_count": 37,
   "id": "e64634f5",
   "metadata": {},
   "outputs": [],
   "source": [
    "import pandas as pd\n",
    "# For loading data as Pandas Dataframe\n",
    "import numpy as np\n",
    "# For performing Matrix Calculations\n",
    "import seaborn as sns\n",
    "# For visualizing statistical results\n",
    "import scipy.stats as s\n",
    "# For computing Statistical Functions\n",
    "import matplotlib.pyplot as plt\n",
    "from mpl_toolkits.mplot3d import Axes3D\n",
    "from matplotlib import cm\n",
    "#For plotting Distributions\n",
    "from sklearn.metrics import confusion_matrix\n",
    "from sklearn.metrics import classification_report\n",
    "# For evaluating the performance of the model"
   ]
  },
  {
   "cell_type": "markdown",
   "id": "13647f8f",
   "metadata": {},
   "source": [
    "## Step 2: Read the dataset"
   ]
  },
  {
   "cell_type": "code",
   "execution_count": 38,
   "id": "849c2ca7",
   "metadata": {},
   "outputs": [],
   "source": [
    "data = pd.read_excel('fitur.xlsx')"
   ]
  },
  {
   "cell_type": "markdown",
   "id": "00fdfe78",
   "metadata": {},
   "source": [
    "## Step 3: Check the dataset"
   ]
  },
  {
   "cell_type": "code",
   "execution_count": 39,
   "id": "b693edea",
   "metadata": {},
   "outputs": [
    {
     "data": {
      "text/html": [
       "<div>\n",
       "<style scoped>\n",
       "    .dataframe tbody tr th:only-of-type {\n",
       "        vertical-align: middle;\n",
       "    }\n",
       "\n",
       "    .dataframe tbody tr th {\n",
       "        vertical-align: top;\n",
       "    }\n",
       "\n",
       "    .dataframe thead th {\n",
       "        text-align: right;\n",
       "    }\n",
       "</style>\n",
       "<table border=\"1\" class=\"dataframe\">\n",
       "  <thead>\n",
       "    <tr style=\"text-align: right;\">\n",
       "      <th></th>\n",
       "      <th>Mean S1</th>\n",
       "      <th>Mean S2</th>\n",
       "      <th>Mean Sys</th>\n",
       "      <th>Mean Dys</th>\n",
       "      <th>Std S1</th>\n",
       "      <th>Std S2</th>\n",
       "      <th>Std Sys</th>\n",
       "      <th>Std Dys</th>\n",
       "      <th>F Mean S1</th>\n",
       "      <th>F Mean S2</th>\n",
       "      <th>F Mean Sys</th>\n",
       "      <th>F Mean Dys</th>\n",
       "      <th>F Std S1</th>\n",
       "      <th>F Std S2</th>\n",
       "      <th>F Std Sys</th>\n",
       "      <th>F Std Dys</th>\n",
       "      <th>0/1</th>\n",
       "    </tr>\n",
       "  </thead>\n",
       "  <tbody>\n",
       "    <tr>\n",
       "      <th>0</th>\n",
       "      <td>0.053250</td>\n",
       "      <td>0.027750</td>\n",
       "      <td>0.178500</td>\n",
       "      <td>0.178500</td>\n",
       "      <td>0.001750</td>\n",
       "      <td>0.001750</td>\n",
       "      <td>0.000500</td>\n",
       "      <td>0.003500</td>\n",
       "      <td>76.092617</td>\n",
       "      <td>17.261252</td>\n",
       "      <td>74.294043</td>\n",
       "      <td>66.311416</td>\n",
       "      <td>6.057473</td>\n",
       "      <td>0.622040</td>\n",
       "      <td>16.885023</td>\n",
       "      <td>8.398290</td>\n",
       "      <td>1</td>\n",
       "    </tr>\n",
       "    <tr>\n",
       "      <th>1</th>\n",
       "      <td>0.058000</td>\n",
       "      <td>0.027000</td>\n",
       "      <td>0.180250</td>\n",
       "      <td>0.122500</td>\n",
       "      <td>0.005000</td>\n",
       "      <td>0.001000</td>\n",
       "      <td>0.006750</td>\n",
       "      <td>0.036000</td>\n",
       "      <td>97.577325</td>\n",
       "      <td>13.436205</td>\n",
       "      <td>79.427518</td>\n",
       "      <td>49.957391</td>\n",
       "      <td>13.475828</td>\n",
       "      <td>1.445589</td>\n",
       "      <td>21.033087</td>\n",
       "      <td>24.699884</td>\n",
       "      <td>1</td>\n",
       "    </tr>\n",
       "    <tr>\n",
       "      <th>2</th>\n",
       "      <td>0.045250</td>\n",
       "      <td>0.025000</td>\n",
       "      <td>0.180500</td>\n",
       "      <td>0.168250</td>\n",
       "      <td>0.007750</td>\n",
       "      <td>0.000500</td>\n",
       "      <td>0.000500</td>\n",
       "      <td>0.010750</td>\n",
       "      <td>66.784077</td>\n",
       "      <td>15.715271</td>\n",
       "      <td>76.404344</td>\n",
       "      <td>48.420747</td>\n",
       "      <td>13.911058</td>\n",
       "      <td>1.579070</td>\n",
       "      <td>18.075928</td>\n",
       "      <td>5.474815</td>\n",
       "      <td>1</td>\n",
       "    </tr>\n",
       "    <tr>\n",
       "      <th>3</th>\n",
       "      <td>0.044167</td>\n",
       "      <td>0.019000</td>\n",
       "      <td>0.070833</td>\n",
       "      <td>0.148167</td>\n",
       "      <td>0.023897</td>\n",
       "      <td>0.008832</td>\n",
       "      <td>0.082610</td>\n",
       "      <td>0.017618</td>\n",
       "      <td>67.363589</td>\n",
       "      <td>8.505972</td>\n",
       "      <td>35.228510</td>\n",
       "      <td>78.158365</td>\n",
       "      <td>44.776604</td>\n",
       "      <td>5.247691</td>\n",
       "      <td>45.763336</td>\n",
       "      <td>7.986506</td>\n",
       "      <td>1</td>\n",
       "    </tr>\n",
       "    <tr>\n",
       "      <th>4</th>\n",
       "      <td>0.069500</td>\n",
       "      <td>0.024500</td>\n",
       "      <td>0.178750</td>\n",
       "      <td>0.103250</td>\n",
       "      <td>0.017500</td>\n",
       "      <td>0.003500</td>\n",
       "      <td>0.010250</td>\n",
       "      <td>0.047750</td>\n",
       "      <td>142.857304</td>\n",
       "      <td>17.866658</td>\n",
       "      <td>119.500825</td>\n",
       "      <td>44.755049</td>\n",
       "      <td>52.181101</td>\n",
       "      <td>4.358975</td>\n",
       "      <td>16.669375</td>\n",
       "      <td>17.903582</td>\n",
       "      <td>1</td>\n",
       "    </tr>\n",
       "    <tr>\n",
       "      <th>...</th>\n",
       "      <td>...</td>\n",
       "      <td>...</td>\n",
       "      <td>...</td>\n",
       "      <td>...</td>\n",
       "      <td>...</td>\n",
       "      <td>...</td>\n",
       "      <td>...</td>\n",
       "      <td>...</td>\n",
       "      <td>...</td>\n",
       "      <td>...</td>\n",
       "      <td>...</td>\n",
       "      <td>...</td>\n",
       "      <td>...</td>\n",
       "      <td>...</td>\n",
       "      <td>...</td>\n",
       "      <td>...</td>\n",
       "      <td>...</td>\n",
       "    </tr>\n",
       "    <tr>\n",
       "      <th>95</th>\n",
       "      <td>0.017786</td>\n",
       "      <td>0.025714</td>\n",
       "      <td>0.137500</td>\n",
       "      <td>0.103000</td>\n",
       "      <td>0.011025</td>\n",
       "      <td>0.020078</td>\n",
       "      <td>0.075379</td>\n",
       "      <td>0.097531</td>\n",
       "      <td>3.925632</td>\n",
       "      <td>7.347145</td>\n",
       "      <td>24.120717</td>\n",
       "      <td>16.549188</td>\n",
       "      <td>3.257828</td>\n",
       "      <td>7.305757</td>\n",
       "      <td>15.680690</td>\n",
       "      <td>20.210793</td>\n",
       "      <td>0</td>\n",
       "    </tr>\n",
       "    <tr>\n",
       "      <th>96</th>\n",
       "      <td>0.042900</td>\n",
       "      <td>0.017200</td>\n",
       "      <td>0.172000</td>\n",
       "      <td>0.142900</td>\n",
       "      <td>0.022604</td>\n",
       "      <td>0.013189</td>\n",
       "      <td>0.089590</td>\n",
       "      <td>0.115553</td>\n",
       "      <td>11.219256</td>\n",
       "      <td>3.970546</td>\n",
       "      <td>29.929342</td>\n",
       "      <td>27.413173</td>\n",
       "      <td>6.834625</td>\n",
       "      <td>4.259700</td>\n",
       "      <td>16.219108</td>\n",
       "      <td>25.183788</td>\n",
       "      <td>0</td>\n",
       "    </tr>\n",
       "    <tr>\n",
       "      <th>97</th>\n",
       "      <td>0.018600</td>\n",
       "      <td>0.051300</td>\n",
       "      <td>0.206400</td>\n",
       "      <td>0.121300</td>\n",
       "      <td>0.010298</td>\n",
       "      <td>0.014975</td>\n",
       "      <td>0.103965</td>\n",
       "      <td>0.084482</td>\n",
       "      <td>4.253537</td>\n",
       "      <td>13.217798</td>\n",
       "      <td>32.574083</td>\n",
       "      <td>20.076641</td>\n",
       "      <td>4.373956</td>\n",
       "      <td>7.154424</td>\n",
       "      <td>21.382244</td>\n",
       "      <td>15.451226</td>\n",
       "      <td>0</td>\n",
       "    </tr>\n",
       "    <tr>\n",
       "      <th>98</th>\n",
       "      <td>0.025136</td>\n",
       "      <td>0.017136</td>\n",
       "      <td>0.061455</td>\n",
       "      <td>0.062318</td>\n",
       "      <td>0.022028</td>\n",
       "      <td>0.020376</td>\n",
       "      <td>0.094640</td>\n",
       "      <td>0.091344</td>\n",
       "      <td>6.345539</td>\n",
       "      <td>3.520754</td>\n",
       "      <td>9.455772</td>\n",
       "      <td>10.748373</td>\n",
       "      <td>6.915799</td>\n",
       "      <td>4.972425</td>\n",
       "      <td>15.559387</td>\n",
       "      <td>18.773614</td>\n",
       "      <td>0</td>\n",
       "    </tr>\n",
       "    <tr>\n",
       "      <th>99</th>\n",
       "      <td>0.037500</td>\n",
       "      <td>0.025143</td>\n",
       "      <td>0.119357</td>\n",
       "      <td>0.092571</td>\n",
       "      <td>0.018121</td>\n",
       "      <td>0.021369</td>\n",
       "      <td>0.098193</td>\n",
       "      <td>0.099250</td>\n",
       "      <td>7.481806</td>\n",
       "      <td>4.773056</td>\n",
       "      <td>16.906688</td>\n",
       "      <td>16.524436</td>\n",
       "      <td>4.811456</td>\n",
       "      <td>4.955055</td>\n",
       "      <td>14.523299</td>\n",
       "      <td>24.990357</td>\n",
       "      <td>0</td>\n",
       "    </tr>\n",
       "  </tbody>\n",
       "</table>\n",
       "<p>100 rows × 17 columns</p>\n",
       "</div>"
      ],
      "text/plain": [
       "     Mean S1   Mean S2  Mean Sys  Mean Dys    Std S1    Std S2   Std Sys  \\\n",
       "0   0.053250  0.027750  0.178500  0.178500  0.001750  0.001750  0.000500   \n",
       "1   0.058000  0.027000  0.180250  0.122500  0.005000  0.001000  0.006750   \n",
       "2   0.045250  0.025000  0.180500  0.168250  0.007750  0.000500  0.000500   \n",
       "3   0.044167  0.019000  0.070833  0.148167  0.023897  0.008832  0.082610   \n",
       "4   0.069500  0.024500  0.178750  0.103250  0.017500  0.003500  0.010250   \n",
       "..       ...       ...       ...       ...       ...       ...       ...   \n",
       "95  0.017786  0.025714  0.137500  0.103000  0.011025  0.020078  0.075379   \n",
       "96  0.042900  0.017200  0.172000  0.142900  0.022604  0.013189  0.089590   \n",
       "97  0.018600  0.051300  0.206400  0.121300  0.010298  0.014975  0.103965   \n",
       "98  0.025136  0.017136  0.061455  0.062318  0.022028  0.020376  0.094640   \n",
       "99  0.037500  0.025143  0.119357  0.092571  0.018121  0.021369  0.098193   \n",
       "\n",
       "     Std Dys   F Mean S1  F Mean S2  F Mean Sys  F Mean Dys   F Std S1  \\\n",
       "0   0.003500   76.092617  17.261252   74.294043   66.311416   6.057473   \n",
       "1   0.036000   97.577325  13.436205   79.427518   49.957391  13.475828   \n",
       "2   0.010750   66.784077  15.715271   76.404344   48.420747  13.911058   \n",
       "3   0.017618   67.363589   8.505972   35.228510   78.158365  44.776604   \n",
       "4   0.047750  142.857304  17.866658  119.500825   44.755049  52.181101   \n",
       "..       ...         ...        ...         ...         ...        ...   \n",
       "95  0.097531    3.925632   7.347145   24.120717   16.549188   3.257828   \n",
       "96  0.115553   11.219256   3.970546   29.929342   27.413173   6.834625   \n",
       "97  0.084482    4.253537  13.217798   32.574083   20.076641   4.373956   \n",
       "98  0.091344    6.345539   3.520754    9.455772   10.748373   6.915799   \n",
       "99  0.099250    7.481806   4.773056   16.906688   16.524436   4.811456   \n",
       "\n",
       "    F Std S2  F Std Sys  F Std Dys  0/1  \n",
       "0   0.622040  16.885023   8.398290    1  \n",
       "1   1.445589  21.033087  24.699884    1  \n",
       "2   1.579070  18.075928   5.474815    1  \n",
       "3   5.247691  45.763336   7.986506    1  \n",
       "4   4.358975  16.669375  17.903582    1  \n",
       "..       ...        ...        ...  ...  \n",
       "95  7.305757  15.680690  20.210793    0  \n",
       "96  4.259700  16.219108  25.183788    0  \n",
       "97  7.154424  21.382244  15.451226    0  \n",
       "98  4.972425  15.559387  18.773614    0  \n",
       "99  4.955055  14.523299  24.990357    0  \n",
       "\n",
       "[100 rows x 17 columns]"
      ]
     },
     "execution_count": 39,
     "metadata": {},
     "output_type": "execute_result"
    }
   ],
   "source": [
    "data"
   ]
  },
  {
   "cell_type": "code",
   "execution_count": 40,
   "id": "d5163c2d",
   "metadata": {},
   "outputs": [],
   "source": [
    "data_columns = data.columns"
   ]
  },
  {
   "cell_type": "code",
   "execution_count": 41,
   "id": "638c1f7d",
   "metadata": {},
   "outputs": [
    {
     "data": {
      "text/plain": [
       "Index(['Mean S1', 'Mean S2', 'Mean Sys', 'Mean Dys', 'Std S1', 'Std S2',\n",
       "       'Std Sys', 'Std Dys', 'F Mean S1', 'F Mean S2', 'F Mean Sys',\n",
       "       'F Mean Dys', 'F Std S1', 'F Std S2', 'F Std Sys', 'F Std Dys', '0/1'],\n",
       "      dtype='object')"
      ]
     },
     "execution_count": 41,
     "metadata": {},
     "output_type": "execute_result"
    }
   ],
   "source": [
    "data_columns"
   ]
  },
  {
   "cell_type": "code",
   "execution_count": 42,
   "id": "d2ea0ce4",
   "metadata": {},
   "outputs": [
    {
     "data": {
      "text/plain": [
       "17"
      ]
     },
     "execution_count": 42,
     "metadata": {},
     "output_type": "execute_result"
    }
   ],
   "source": [
    "len(data_columns)"
   ]
  },
  {
   "cell_type": "code",
   "execution_count": 43,
   "id": "88506641",
   "metadata": {},
   "outputs": [
    {
     "name": "stdout",
     "output_type": "stream",
     "text": [
      "<class 'pandas.core.frame.DataFrame'>\n",
      "RangeIndex: 100 entries, 0 to 99\n",
      "Data columns (total 17 columns):\n",
      " #   Column      Non-Null Count  Dtype  \n",
      "---  ------      --------------  -----  \n",
      " 0   Mean S1     100 non-null    float64\n",
      " 1   Mean S2     100 non-null    float64\n",
      " 2   Mean Sys    100 non-null    float64\n",
      " 3   Mean Dys    100 non-null    float64\n",
      " 4   Std S1      100 non-null    float64\n",
      " 5   Std S2      100 non-null    float64\n",
      " 6   Std Sys     100 non-null    float64\n",
      " 7   Std Dys     100 non-null    float64\n",
      " 8   F Mean S1   100 non-null    float64\n",
      " 9   F Mean S2   100 non-null    float64\n",
      " 10  F Mean Sys  100 non-null    float64\n",
      " 11  F Mean Dys  100 non-null    float64\n",
      " 12  F Std S1    100 non-null    float64\n",
      " 13  F Std S2    100 non-null    float64\n",
      " 14  F Std Sys   100 non-null    float64\n",
      " 15  F Std Dys   100 non-null    float64\n",
      " 16  0/1         100 non-null    int64  \n",
      "dtypes: float64(16), int64(1)\n",
      "memory usage: 13.4 KB\n"
     ]
    }
   ],
   "source": [
    "data.info()"
   ]
  },
  {
   "cell_type": "code",
   "execution_count": 44,
   "id": "3b8c7596",
   "metadata": {},
   "outputs": [
    {
     "data": {
      "text/plain": [
       "['Mean S1',\n",
       " 'Mean S2',\n",
       " 'Mean Sys',\n",
       " 'Mean Dys',\n",
       " 'Std S1',\n",
       " 'Std S2',\n",
       " 'Std Sys',\n",
       " 'Std Dys',\n",
       " 'F Mean S1',\n",
       " 'F Mean S2',\n",
       " 'F Mean Sys',\n",
       " 'F Mean Dys',\n",
       " 'F Std S1',\n",
       " 'F Std S2',\n",
       " 'F Std Sys',\n",
       " 'F Std Dys',\n",
       " '0/1']"
      ]
     },
     "execution_count": 44,
     "metadata": {},
     "output_type": "execute_result"
    }
   ],
   "source": [
    "data_columns = list(data_columns)\n",
    "#data_columns.remove('No')\n",
    "data_columns\n"
   ]
  },
  {
   "attachments": {},
   "cell_type": "markdown",
   "id": "0ce3306c",
   "metadata": {},
   "source": [
    "## Step 3: Verify appropriate features using heatmap"
   ]
  },
  {
   "cell_type": "code",
   "execution_count": 45,
   "id": "fe8e5fb3",
   "metadata": {},
   "outputs": [],
   "source": [
    "data_copy = data.replace(to_replace=['0','1'],value=[0,1],inplace=False)"
   ]
  },
  {
   "cell_type": "code",
   "execution_count": 46,
   "id": "fa7d1de7",
   "metadata": {},
   "outputs": [
    {
     "data": {
      "text/html": [
       "<div>\n",
       "<style scoped>\n",
       "    .dataframe tbody tr th:only-of-type {\n",
       "        vertical-align: middle;\n",
       "    }\n",
       "\n",
       "    .dataframe tbody tr th {\n",
       "        vertical-align: top;\n",
       "    }\n",
       "\n",
       "    .dataframe thead th {\n",
       "        text-align: right;\n",
       "    }\n",
       "</style>\n",
       "<table border=\"1\" class=\"dataframe\">\n",
       "  <thead>\n",
       "    <tr style=\"text-align: right;\">\n",
       "      <th></th>\n",
       "      <th>Mean S1</th>\n",
       "      <th>Mean S2</th>\n",
       "      <th>Mean Sys</th>\n",
       "      <th>Mean Dys</th>\n",
       "      <th>Std S1</th>\n",
       "      <th>Std S2</th>\n",
       "      <th>Std Sys</th>\n",
       "      <th>Std Dys</th>\n",
       "      <th>F Mean S1</th>\n",
       "      <th>F Mean S2</th>\n",
       "      <th>F Mean Sys</th>\n",
       "      <th>F Mean Dys</th>\n",
       "      <th>F Std S1</th>\n",
       "      <th>F Std S2</th>\n",
       "      <th>F Std Sys</th>\n",
       "      <th>F Std Dys</th>\n",
       "      <th>0/1</th>\n",
       "    </tr>\n",
       "  </thead>\n",
       "  <tbody>\n",
       "    <tr>\n",
       "      <th>Mean S1</th>\n",
       "      <td>1.000000</td>\n",
       "      <td>0.104445</td>\n",
       "      <td>-0.174021</td>\n",
       "      <td>-0.158121</td>\n",
       "      <td>0.613273</td>\n",
       "      <td>0.131789</td>\n",
       "      <td>-0.060445</td>\n",
       "      <td>-0.122053</td>\n",
       "      <td>0.783801</td>\n",
       "      <td>0.098822</td>\n",
       "      <td>-0.041332</td>\n",
       "      <td>-0.104532</td>\n",
       "      <td>0.627849</td>\n",
       "      <td>0.090334</td>\n",
       "      <td>-0.007143</td>\n",
       "      <td>-0.061717</td>\n",
       "      <td>-0.000016</td>\n",
       "    </tr>\n",
       "    <tr>\n",
       "      <th>Mean S2</th>\n",
       "      <td>0.104445</td>\n",
       "      <td>1.000000</td>\n",
       "      <td>-0.249397</td>\n",
       "      <td>-0.152178</td>\n",
       "      <td>0.228411</td>\n",
       "      <td>0.787202</td>\n",
       "      <td>-0.056570</td>\n",
       "      <td>0.045753</td>\n",
       "      <td>0.067396</td>\n",
       "      <td>0.820025</td>\n",
       "      <td>-0.184161</td>\n",
       "      <td>-0.121449</td>\n",
       "      <td>0.164548</td>\n",
       "      <td>0.752815</td>\n",
       "      <td>-0.068382</td>\n",
       "      <td>0.003004</td>\n",
       "      <td>-0.185426</td>\n",
       "    </tr>\n",
       "    <tr>\n",
       "      <th>Mean Sys</th>\n",
       "      <td>-0.174021</td>\n",
       "      <td>-0.249397</td>\n",
       "      <td>1.000000</td>\n",
       "      <td>0.613487</td>\n",
       "      <td>-0.592857</td>\n",
       "      <td>-0.557507</td>\n",
       "      <td>-0.124800</td>\n",
       "      <td>-0.344404</td>\n",
       "      <td>-0.322524</td>\n",
       "      <td>-0.337749</td>\n",
       "      <td>0.540371</td>\n",
       "      <td>0.197973</td>\n",
       "      <td>-0.456868</td>\n",
       "      <td>-0.358330</td>\n",
       "      <td>-0.000423</td>\n",
       "      <td>-0.354155</td>\n",
       "      <td>0.679192</td>\n",
       "    </tr>\n",
       "    <tr>\n",
       "      <th>Mean Dys</th>\n",
       "      <td>-0.158121</td>\n",
       "      <td>-0.152178</td>\n",
       "      <td>0.613487</td>\n",
       "      <td>1.000000</td>\n",
       "      <td>-0.454886</td>\n",
       "      <td>-0.413549</td>\n",
       "      <td>-0.316542</td>\n",
       "      <td>-0.090062</td>\n",
       "      <td>-0.315534</td>\n",
       "      <td>-0.208408</td>\n",
       "      <td>0.208350</td>\n",
       "      <td>0.625151</td>\n",
       "      <td>-0.362200</td>\n",
       "      <td>-0.259157</td>\n",
       "      <td>-0.171052</td>\n",
       "      <td>-0.106629</td>\n",
       "      <td>0.580611</td>\n",
       "    </tr>\n",
       "    <tr>\n",
       "      <th>Std S1</th>\n",
       "      <td>0.613273</td>\n",
       "      <td>0.228411</td>\n",
       "      <td>-0.592857</td>\n",
       "      <td>-0.454886</td>\n",
       "      <td>1.000000</td>\n",
       "      <td>0.553356</td>\n",
       "      <td>0.297383</td>\n",
       "      <td>0.300486</td>\n",
       "      <td>0.714462</td>\n",
       "      <td>0.302786</td>\n",
       "      <td>-0.208431</td>\n",
       "      <td>-0.165296</td>\n",
       "      <td>0.871740</td>\n",
       "      <td>0.331077</td>\n",
       "      <td>0.213774</td>\n",
       "      <td>0.262224</td>\n",
       "      <td>-0.604934</td>\n",
       "    </tr>\n",
       "    <tr>\n",
       "      <th>Std S2</th>\n",
       "      <td>0.131789</td>\n",
       "      <td>0.787202</td>\n",
       "      <td>-0.557507</td>\n",
       "      <td>-0.413549</td>\n",
       "      <td>0.553356</td>\n",
       "      <td>1.000000</td>\n",
       "      <td>0.238367</td>\n",
       "      <td>0.309970</td>\n",
       "      <td>0.268532</td>\n",
       "      <td>0.882544</td>\n",
       "      <td>-0.241836</td>\n",
       "      <td>-0.162908</td>\n",
       "      <td>0.469372</td>\n",
       "      <td>0.897936</td>\n",
       "      <td>0.173885</td>\n",
       "      <td>0.257467</td>\n",
       "      <td>-0.555869</td>\n",
       "    </tr>\n",
       "    <tr>\n",
       "      <th>Std Sys</th>\n",
       "      <td>-0.060445</td>\n",
       "      <td>-0.056570</td>\n",
       "      <td>-0.124800</td>\n",
       "      <td>-0.316542</td>\n",
       "      <td>0.297383</td>\n",
       "      <td>0.238367</td>\n",
       "      <td>1.000000</td>\n",
       "      <td>0.567307</td>\n",
       "      <td>0.154073</td>\n",
       "      <td>0.060245</td>\n",
       "      <td>0.403252</td>\n",
       "      <td>0.121627</td>\n",
       "      <td>0.209066</td>\n",
       "      <td>0.089950</td>\n",
       "      <td>0.882415</td>\n",
       "      <td>0.569210</td>\n",
       "      <td>-0.658596</td>\n",
       "    </tr>\n",
       "    <tr>\n",
       "      <th>Std Dys</th>\n",
       "      <td>-0.122053</td>\n",
       "      <td>0.045753</td>\n",
       "      <td>-0.344404</td>\n",
       "      <td>-0.090062</td>\n",
       "      <td>0.300486</td>\n",
       "      <td>0.309970</td>\n",
       "      <td>0.567307</td>\n",
       "      <td>1.000000</td>\n",
       "      <td>0.094963</td>\n",
       "      <td>0.155462</td>\n",
       "      <td>0.099296</td>\n",
       "      <td>0.360517</td>\n",
       "      <td>0.196017</td>\n",
       "      <td>0.142500</td>\n",
       "      <td>0.549585</td>\n",
       "      <td>0.846104</td>\n",
       "      <td>-0.636013</td>\n",
       "    </tr>\n",
       "    <tr>\n",
       "      <th>F Mean S1</th>\n",
       "      <td>0.783801</td>\n",
       "      <td>0.067396</td>\n",
       "      <td>-0.322524</td>\n",
       "      <td>-0.315534</td>\n",
       "      <td>0.714462</td>\n",
       "      <td>0.268532</td>\n",
       "      <td>0.154073</td>\n",
       "      <td>0.094963</td>\n",
       "      <td>1.000000</td>\n",
       "      <td>0.200031</td>\n",
       "      <td>0.106296</td>\n",
       "      <td>-0.018390</td>\n",
       "      <td>0.878843</td>\n",
       "      <td>0.198178</td>\n",
       "      <td>0.210463</td>\n",
       "      <td>0.195008</td>\n",
       "      <td>-0.254404</td>\n",
       "    </tr>\n",
       "    <tr>\n",
       "      <th>F Mean S2</th>\n",
       "      <td>0.098822</td>\n",
       "      <td>0.820025</td>\n",
       "      <td>-0.337749</td>\n",
       "      <td>-0.208408</td>\n",
       "      <td>0.302786</td>\n",
       "      <td>0.882544</td>\n",
       "      <td>0.060245</td>\n",
       "      <td>0.155462</td>\n",
       "      <td>0.200031</td>\n",
       "      <td>1.000000</td>\n",
       "      <td>-0.117549</td>\n",
       "      <td>-0.048647</td>\n",
       "      <td>0.299611</td>\n",
       "      <td>0.976664</td>\n",
       "      <td>0.069570</td>\n",
       "      <td>0.144334</td>\n",
       "      <td>-0.283841</td>\n",
       "    </tr>\n",
       "    <tr>\n",
       "      <th>F Mean Sys</th>\n",
       "      <td>-0.041332</td>\n",
       "      <td>-0.184161</td>\n",
       "      <td>0.540371</td>\n",
       "      <td>0.208350</td>\n",
       "      <td>-0.208431</td>\n",
       "      <td>-0.241836</td>\n",
       "      <td>0.403252</td>\n",
       "      <td>0.099296</td>\n",
       "      <td>0.106296</td>\n",
       "      <td>-0.117549</td>\n",
       "      <td>1.000000</td>\n",
       "      <td>0.523238</td>\n",
       "      <td>-0.065341</td>\n",
       "      <td>-0.159036</td>\n",
       "      <td>0.673969</td>\n",
       "      <td>0.310679</td>\n",
       "      <td>0.210073</td>\n",
       "    </tr>\n",
       "    <tr>\n",
       "      <th>F Mean Dys</th>\n",
       "      <td>-0.104532</td>\n",
       "      <td>-0.121449</td>\n",
       "      <td>0.197973</td>\n",
       "      <td>0.625151</td>\n",
       "      <td>-0.165296</td>\n",
       "      <td>-0.162908</td>\n",
       "      <td>0.121627</td>\n",
       "      <td>0.360517</td>\n",
       "      <td>-0.018390</td>\n",
       "      <td>-0.048647</td>\n",
       "      <td>0.523238</td>\n",
       "      <td>1.000000</td>\n",
       "      <td>-0.082272</td>\n",
       "      <td>-0.118252</td>\n",
       "      <td>0.358516</td>\n",
       "      <td>0.566791</td>\n",
       "      <td>0.139186</td>\n",
       "    </tr>\n",
       "    <tr>\n",
       "      <th>F Std S1</th>\n",
       "      <td>0.627849</td>\n",
       "      <td>0.164548</td>\n",
       "      <td>-0.456868</td>\n",
       "      <td>-0.362200</td>\n",
       "      <td>0.871740</td>\n",
       "      <td>0.469372</td>\n",
       "      <td>0.209066</td>\n",
       "      <td>0.196017</td>\n",
       "      <td>0.878843</td>\n",
       "      <td>0.299611</td>\n",
       "      <td>-0.065341</td>\n",
       "      <td>-0.082272</td>\n",
       "      <td>1.000000</td>\n",
       "      <td>0.328463</td>\n",
       "      <td>0.207402</td>\n",
       "      <td>0.230439</td>\n",
       "      <td>-0.434988</td>\n",
       "    </tr>\n",
       "    <tr>\n",
       "      <th>F Std S2</th>\n",
       "      <td>0.090334</td>\n",
       "      <td>0.752815</td>\n",
       "      <td>-0.358330</td>\n",
       "      <td>-0.259157</td>\n",
       "      <td>0.331077</td>\n",
       "      <td>0.897936</td>\n",
       "      <td>0.089950</td>\n",
       "      <td>0.142500</td>\n",
       "      <td>0.198178</td>\n",
       "      <td>0.976664</td>\n",
       "      <td>-0.159036</td>\n",
       "      <td>-0.118252</td>\n",
       "      <td>0.328463</td>\n",
       "      <td>1.000000</td>\n",
       "      <td>0.077663</td>\n",
       "      <td>0.119524</td>\n",
       "      <td>-0.314031</td>\n",
       "    </tr>\n",
       "    <tr>\n",
       "      <th>F Std Sys</th>\n",
       "      <td>-0.007143</td>\n",
       "      <td>-0.068382</td>\n",
       "      <td>-0.000423</td>\n",
       "      <td>-0.171052</td>\n",
       "      <td>0.213774</td>\n",
       "      <td>0.173885</td>\n",
       "      <td>0.882415</td>\n",
       "      <td>0.549585</td>\n",
       "      <td>0.210463</td>\n",
       "      <td>0.069570</td>\n",
       "      <td>0.673969</td>\n",
       "      <td>0.358516</td>\n",
       "      <td>0.207402</td>\n",
       "      <td>0.077663</td>\n",
       "      <td>1.000000</td>\n",
       "      <td>0.686153</td>\n",
       "      <td>-0.446001</td>\n",
       "    </tr>\n",
       "    <tr>\n",
       "      <th>F Std Dys</th>\n",
       "      <td>-0.061717</td>\n",
       "      <td>0.003004</td>\n",
       "      <td>-0.354155</td>\n",
       "      <td>-0.106629</td>\n",
       "      <td>0.262224</td>\n",
       "      <td>0.257467</td>\n",
       "      <td>0.569210</td>\n",
       "      <td>0.846104</td>\n",
       "      <td>0.195008</td>\n",
       "      <td>0.144334</td>\n",
       "      <td>0.310679</td>\n",
       "      <td>0.566791</td>\n",
       "      <td>0.230439</td>\n",
       "      <td>0.119524</td>\n",
       "      <td>0.686153</td>\n",
       "      <td>1.000000</td>\n",
       "      <td>-0.544962</td>\n",
       "    </tr>\n",
       "    <tr>\n",
       "      <th>0/1</th>\n",
       "      <td>-0.000016</td>\n",
       "      <td>-0.185426</td>\n",
       "      <td>0.679192</td>\n",
       "      <td>0.580611</td>\n",
       "      <td>-0.604934</td>\n",
       "      <td>-0.555869</td>\n",
       "      <td>-0.658596</td>\n",
       "      <td>-0.636013</td>\n",
       "      <td>-0.254404</td>\n",
       "      <td>-0.283841</td>\n",
       "      <td>0.210073</td>\n",
       "      <td>0.139186</td>\n",
       "      <td>-0.434988</td>\n",
       "      <td>-0.314031</td>\n",
       "      <td>-0.446001</td>\n",
       "      <td>-0.544962</td>\n",
       "      <td>1.000000</td>\n",
       "    </tr>\n",
       "  </tbody>\n",
       "</table>\n",
       "</div>"
      ],
      "text/plain": [
       "             Mean S1   Mean S2  Mean Sys  Mean Dys    Std S1    Std S2  \\\n",
       "Mean S1     1.000000  0.104445 -0.174021 -0.158121  0.613273  0.131789   \n",
       "Mean S2     0.104445  1.000000 -0.249397 -0.152178  0.228411  0.787202   \n",
       "Mean Sys   -0.174021 -0.249397  1.000000  0.613487 -0.592857 -0.557507   \n",
       "Mean Dys   -0.158121 -0.152178  0.613487  1.000000 -0.454886 -0.413549   \n",
       "Std S1      0.613273  0.228411 -0.592857 -0.454886  1.000000  0.553356   \n",
       "Std S2      0.131789  0.787202 -0.557507 -0.413549  0.553356  1.000000   \n",
       "Std Sys    -0.060445 -0.056570 -0.124800 -0.316542  0.297383  0.238367   \n",
       "Std Dys    -0.122053  0.045753 -0.344404 -0.090062  0.300486  0.309970   \n",
       "F Mean S1   0.783801  0.067396 -0.322524 -0.315534  0.714462  0.268532   \n",
       "F Mean S2   0.098822  0.820025 -0.337749 -0.208408  0.302786  0.882544   \n",
       "F Mean Sys -0.041332 -0.184161  0.540371  0.208350 -0.208431 -0.241836   \n",
       "F Mean Dys -0.104532 -0.121449  0.197973  0.625151 -0.165296 -0.162908   \n",
       "F Std S1    0.627849  0.164548 -0.456868 -0.362200  0.871740  0.469372   \n",
       "F Std S2    0.090334  0.752815 -0.358330 -0.259157  0.331077  0.897936   \n",
       "F Std Sys  -0.007143 -0.068382 -0.000423 -0.171052  0.213774  0.173885   \n",
       "F Std Dys  -0.061717  0.003004 -0.354155 -0.106629  0.262224  0.257467   \n",
       "0/1        -0.000016 -0.185426  0.679192  0.580611 -0.604934 -0.555869   \n",
       "\n",
       "             Std Sys   Std Dys  F Mean S1  F Mean S2  F Mean Sys  F Mean Dys  \\\n",
       "Mean S1    -0.060445 -0.122053   0.783801   0.098822   -0.041332   -0.104532   \n",
       "Mean S2    -0.056570  0.045753   0.067396   0.820025   -0.184161   -0.121449   \n",
       "Mean Sys   -0.124800 -0.344404  -0.322524  -0.337749    0.540371    0.197973   \n",
       "Mean Dys   -0.316542 -0.090062  -0.315534  -0.208408    0.208350    0.625151   \n",
       "Std S1      0.297383  0.300486   0.714462   0.302786   -0.208431   -0.165296   \n",
       "Std S2      0.238367  0.309970   0.268532   0.882544   -0.241836   -0.162908   \n",
       "Std Sys     1.000000  0.567307   0.154073   0.060245    0.403252    0.121627   \n",
       "Std Dys     0.567307  1.000000   0.094963   0.155462    0.099296    0.360517   \n",
       "F Mean S1   0.154073  0.094963   1.000000   0.200031    0.106296   -0.018390   \n",
       "F Mean S2   0.060245  0.155462   0.200031   1.000000   -0.117549   -0.048647   \n",
       "F Mean Sys  0.403252  0.099296   0.106296  -0.117549    1.000000    0.523238   \n",
       "F Mean Dys  0.121627  0.360517  -0.018390  -0.048647    0.523238    1.000000   \n",
       "F Std S1    0.209066  0.196017   0.878843   0.299611   -0.065341   -0.082272   \n",
       "F Std S2    0.089950  0.142500   0.198178   0.976664   -0.159036   -0.118252   \n",
       "F Std Sys   0.882415  0.549585   0.210463   0.069570    0.673969    0.358516   \n",
       "F Std Dys   0.569210  0.846104   0.195008   0.144334    0.310679    0.566791   \n",
       "0/1        -0.658596 -0.636013  -0.254404  -0.283841    0.210073    0.139186   \n",
       "\n",
       "            F Std S1  F Std S2  F Std Sys  F Std Dys       0/1  \n",
       "Mean S1     0.627849  0.090334  -0.007143  -0.061717 -0.000016  \n",
       "Mean S2     0.164548  0.752815  -0.068382   0.003004 -0.185426  \n",
       "Mean Sys   -0.456868 -0.358330  -0.000423  -0.354155  0.679192  \n",
       "Mean Dys   -0.362200 -0.259157  -0.171052  -0.106629  0.580611  \n",
       "Std S1      0.871740  0.331077   0.213774   0.262224 -0.604934  \n",
       "Std S2      0.469372  0.897936   0.173885   0.257467 -0.555869  \n",
       "Std Sys     0.209066  0.089950   0.882415   0.569210 -0.658596  \n",
       "Std Dys     0.196017  0.142500   0.549585   0.846104 -0.636013  \n",
       "F Mean S1   0.878843  0.198178   0.210463   0.195008 -0.254404  \n",
       "F Mean S2   0.299611  0.976664   0.069570   0.144334 -0.283841  \n",
       "F Mean Sys -0.065341 -0.159036   0.673969   0.310679  0.210073  \n",
       "F Mean Dys -0.082272 -0.118252   0.358516   0.566791  0.139186  \n",
       "F Std S1    1.000000  0.328463   0.207402   0.230439 -0.434988  \n",
       "F Std S2    0.328463  1.000000   0.077663   0.119524 -0.314031  \n",
       "F Std Sys   0.207402  0.077663   1.000000   0.686153 -0.446001  \n",
       "F Std Dys   0.230439  0.119524   0.686153   1.000000 -0.544962  \n",
       "0/1        -0.434988 -0.314031  -0.446001  -0.544962  1.000000  "
      ]
     },
     "execution_count": 46,
     "metadata": {},
     "output_type": "execute_result"
    }
   ],
   "source": [
    "corr_df = data.corr()\n",
    "corr_df"
   ]
  },
  {
   "cell_type": "code",
   "execution_count": 47,
   "id": "aae1e919",
   "metadata": {},
   "outputs": [
    {
     "data": {
